Star_A 523 1 250 236 116
Star_B 615 503 560 26 40
Star_C 126 35 521 226 61
Star_D 120 23 623 61 230
Star_E 353 651 65 266 23
Star_F 650 563 512 60 45
Star_G 650 231 205 116 26
Star_H 562 6 13 211 72
Star_I 563 20 323 70 223
Star_J 335 530 601 130 20
Star_K 33 315 631 25 23
Star_L 302 160 103 61 13
Star_M 361 330 103 13 23
Star_N 352 650 630 20 31
Star_O 1 301 216 241 35
Star_P 630 256 125 112 30
Star_Q 521 30 501 42 41
Star_R 261 23 353 66 246
Star_S 615 61 26 163 41
Star_T 163 621 631 63 33
