2398
1290
113
8231
3022
912
389
9201
8391
129
231
221
811
1113
2108
21
1319
1328
2192
1238
319
1321
9128
2211
8211
2811
1132
8112
18
2281
2328
1190
2811
1132
2132
230
1212
183
112
21
1239
3221
1122
1082
112
1201
281
1128
8392
3121
1918
113
2101
3111
1821
2181
122
1101
223
2318
289
9212
1913
3110
198
8119
2280
2823
1130
8931
1119
119
1198
1091
9218
118
1209
1123
8119
112
1201
1029
2210
1011
121
13
1821
213
1120
9320
1121
9302
1011
2013
312
2191
1192
9112
2182
121
281
913
8113
122
311
1228
1211
211
1392
3221
2901
1823
2381
1310
2801
9031
2893
111
1891
191
2103
8311
8109
2120
1120
2839
1312
2211
1312
2218
1082
1312
9211
8139
9232
3118
2191
182
2211
2112
211
1129
3110
3911
193
1291
1121
1312
1211
9211
1832
3210
2131
1102
1381
110
8309
2139
2111
2318
2913
2891
113
1192
1132
1109
2189
8201
2931
9283
2119
9110
8110
8023
211
2130
1208
9130
113
112
1819
2112
1211
2902
2189
3102
1309
1310
1219
121
3110
1802
121
1181
1131
812
2938
188
823
8111
3822
911
23
132
8912
1138
2131
2118
1108
1120
9120
191
3101
1212
1112
1912
292
1128
2310
3812
8111
1229
291
1198
3918
2131
319
9213
3921
1912
3101
1109
1291
1182
9312
2139
2932
1132
9232
318
112
1819
922
1119
9132
8120
8911
119
8231
3012
2181
1192
9121
1839
1211
3192
1111
1910
8113
8930
2018
8311
311
2819
1228
8311
210
3921
8120
121
218
9211
1191
201
121
3118
1122
211
1023
9121
181
3081
3182
1219
2091
1911
1292
1321
8231
9131
9812
201
1218
2123
8121
1122
129
8023
31
8121
112
1112
9110
2011
1129
102
8911
2391
132
3201
182
921
3812
132
1113
118
103
8110
8210
2112
9112
2890
329
1312
8110
9811
2810
121
118
2191
3211
121
2129
1013
8211
3191
2103
9310
2101
281
113
3982
3221
1202
1081
1811
11
3211
1213
9121
1101
299
988
1391
2118
211
2132
121
1118
1110
922
9111
3112
2131
1122
1213
9201
2081
121
11
82
1209
1183
8931
1901
2118
31
2801
8102
8309
1122
2021
112
1891
381
3192
211
32
1302
101
2083
1902
211
1938
1130
11
8291
911
8902
1110
918
3111
9013
9123
1198
1201
8101
3228
2311
319
3111
1280
1112
9121
111
3902
1101
3908
2191
2119
2128
1218
2011
2132
1211
123
310
2130
1138
1382
801
9311
8131
9013
8139
2011
9811
8901
2211
2192
1380
8111
1282
10
1210
1119
811
239
211
1283
1312
1221
9128
1832
1928
1309
8211
8231
2981
221
812
2211
3922
9821
918
9011
920
382
3128
911
1212
191
2181
3210
3192
1112
9011
3181
93
121
181
3198
1138
1219
931
1211
121
8101
2131
8119
1812
2301
1180
1191
9831
2131
1893
1181
119
9011
819
108
8039
8011
8931
3201
1810
1119
1302
3112
8092
9283
8112
191
911
1803
3281
1293
3101
11
2920
8921
219
1210
9112
291
912
1131
1132
9011
311
1102
2101
983
1032
2328
101
1018
13
1011
3120
1102
2219
111
2098
1212
3119
9121
1109
8932
9801
1829
1138
2101
1021
9138
2931
2381
11
1112
2381
2111
2113
9018
9132
811
8121
1903
1238
9821
111
110
192
9213
9131
8911
102
2092
8329
292
9121
1232
3219
1801
8110
121
1230
821
8219
1011
101
8211
8011
291
8192
11
9021
2901
1131
8112
2291
211
3110
8120
311
1281
218
3221
118
3981
1131
1190
132
3918
9211
1329
1182
2011
1121
3210
1219
389
3298
2011
1212
111
2211
1223
122
8192
9812
2191
2130
8110
2011
9118
1113
2131
3112
1801
812
1139
1231
8902
2181
1239
211
9821
1831
110
1190
1021
823
131
3221
2810
118
2121
1019
2210
8191
3021
9011
2211
1901
111
2189
128
2131
292
1221
8021
3911
8932
9282
8911
8310
1281
1011
1192
1321
9812
1132
9121
2111
8119
1238
3011
3221
1113
1121
1123
9232
118
1811
1039
8219
8101
113
8102
1131
310
8210
211
221
2211
3111
1191
2918
2391
1832
239
1221
9183
1130
1202
2911
128
2829
2180
1112
9312
8190
1381
1291
8231
8211
2318
2911
1319
1232
2111
8239
1182
2121
981
228
9231
122
8021
2119
2391
8320
2121
8211
1291
1113
3111
1311
311
122
3182
1228
1231
9103
1132
1018
191
3111
1123
1129
1119
9312
9203
9028
181
3211
1832
1130
3180
1220
8120
8111
1103
1110
9802
9123
8019
1018
1310
283
2191
192
8091
1918
9120
9011
2308
2112
1192
8192
21
2211
2198
1229
2389
1911
3191
9122
8321
2911
1122
9110
2119
188
1832
1921
1209
1128
1112
9121
8103
8093
2981
2110
8291
2211
3908
1811
811
2932
218
1821
1181
9111
1822
2319
1912
31
9103
1301
8211
3218
8119
8213
3128
191
139
2101
8229
2181
1281
2911
1138
3181
3821
1292
9181
1029
9823
190
1312
1210
920
112
3982
1228
1118
21
1131
1138
2093
1319
191
1132
2081
111
1123
93
291
8212
1221
8201
128
1202
1298
1091
1230
1389
3811
9310
3112
9281
92
8102
3219
1130
9201
3111
1212
2111
1113
133
1108
1381
1201
298
1121
231
81
119
2111
2109
9102
2391
1319
9311
819
301
288
213
121
129
829
211
1113
2011
912
9211
112
2120
2801
2198
1981
3298
9213
9110
1198
2302
2110
111
1110
1981
182
1923
3081
9111
1281
2311
2931
1122
1212
1918
2301
2112
8390
2318
3180
1829
111
131
211
209
1203
1322
1021
1291
2912
1310
1221
1180
2131
2801
9211
2118
103
2910
1128
229
121
3822
1911
1812
321
3121
113
183
9218
1298
2180
903
391
2820
921
2911
9112
2120
2181
1130
193
329
8102
1131
8912
3121
8301
1311
9120
2321
1810
