131
1189
3209
211
8101
8292
1821
2318
9082
121
811
1092
918
9120
9012
1081
1912
1111
3812
1128
8112
182
1111
219
8312
1220
1101
8130
3112
3019
8230
1230
8191
2312
811
200
1121
2118
1218
1212
8110
3121
8111
1301
8132
8013
1112
8213
8101
2091
1823
111
1211
8312
1292
1110
122
2219
2032
3011
8113
2101
1223
128
2183
8931
2021
3911
129
9211
1803
911
291
122
1908
1193
2811
1911
3219
821
2191
9232
211
302
2910
3810
1119
8202
1219
3282
1108
3112
1112
101
3811
109
219
1891
810
211
311
122
9181
9118
2381
103
232
1201
8129
2231
133
1101
110
1811
3211
1121
181
1018
3129
2131
381
1321
3101
1123
8321
1931
1112
2101
9121
193
1211
12
1932
232
2310
8232
913
1918
1213
1123
1191
2102
190
3228
2013
1181
1182
2101
1231
8111
8312
111
2912
129
1139
111
213
8210
1128
9
1821
8121
8122
9110
9013
3011
1318
1202
1328
8223
1201
1219
2081
1281
1312
2819
9031
219
8312
9823
9082
2309
210
9111
8012
2181
9282
9101
129
181
1123
891
1810
1219
2118
3112
2911
2910
2913
8321
911
1823
811
9218
193
221
9111
3211
91
8011
1191
3211
3118
1321
1819
3912
112
1011
911
1093
101
2138
8112
112
2031
9211
2391
9231
3211
2312
3101
89
39
1128
181
9113
118
1930
2111
1011
223
1928
1132
2131
1021
1012
3189
1211
1823
1018
3198
228
2181
318
2108
8293
3209
3821
118
118
121
1911
8192
3810
1128
198
1112
293
8021
1122
1112
211
2111
2112
9238
101
9022
389
1101
3218
812
911
2023
1839
3892
2112
1803
9120
219
122
9221
8131
9111
9803
9110
128
3012
1321
3811
1021
8032
1122
8192
1803
180
3112
2801
1139
911
1191
231
8192
2981
391
281
22
1283
1113
219
9023
2012
119
1231
1298
911
3121
9118
3112
900
2119
1819
9221
9812
198
1129
801
8213
113
3911
8292
191
1112
110
2011
1910
821
3918
8012
111
2181
192
8213
211
1121
1981
389
218
1281
1922
1912
9312
1218
123
2111
3021
1392
2891
122
9280
121
2819
1180
2198
1123
9111
1281
1811
9321
291
1110
2131
3120
8129
8210
9311
931
8301
8121
1018
2139
118
1121
111
3121
811
1302
1318
218
1212
1291
311
9201
112
2181
2311
3918
22
1218
1290
1122
892
1982
1131
2191
1810
201
102
8931
8932
981
118
2283
2311
121
9113
1101
8121
1802
82
129
92
1082
8302
1321
3211
1281
1912
3021
112
1329
111
1210
1123
1310
112
121
8231
9218
9032
112
9132
21
1310
8121
1312
9122
3112
1132
118
1018
292
292
1013
8211
2112
12
121
1120
1130
1191
1191
3281
3218
3821
8211
1112
9218
1131
381
112
1280
1298
1182
231
2110
812
9112
911
8112
1092
208
8011
201
1011
910
2138
8101
9320
3982
2101
1180
211
1119
192
311
2812
29
182
9012
1129
1082
2111
2231
191
8213
8011
8022
9322
2021
9213
831
9812
1112
2311
2312
1128
1982
292
1122
8132
2123
1201
2801
131
212
1923
1023
3811
1213
112
2112
8111
2810
231
9032
2201
8111
911
328
2118
1112
211
81
1918
21
2119
9201
1812
2019
222
2211
8312
2112
2101
2111
1112
2111
139
1102
223
9181
3212
1101
1181
1118
2028
8219
1931
81
212
3012
2801
9112
1912
1211
2092
1811
8131
9130
2921
3821
3109
3021
8312
1122
1091
1190
2132
821
2111
8112
2180
9280
2109
1112
1232
111
1119
311
9810
2118
8203
3109
211
1118
2902
8931
3122
311
8931
3022
2809
3211
201
3120
119
3128
9211
2108
8921
113
911
2211
1219
192
8131
1120
8121
1201
8102
121
111
1810
1811
1112
12
9201
9210
111
1321
1122
2083
300
3211
111
822
238
1032
1039
2102
2921
1918
311
1191
9221
1801
223
3111
229
3129
9203
8921
1281
9122
2821
2801
2131
8392
312
111
1293
2819
2110
1121
1123
2120
8231
1208
311
183
2181
123
1283
1221
912
8120
2111
1211
113
9211
2821
39
1121
2119
1908
912
1181
1239
3101
12
891
2013
221
183
8132
1211
2891
191
1091
1213
2911
2901
2809
111
1801
8112
1281
122
2211
1901
1911
1130
1110
211
3121
1132
9301
2108
8212
123
9101
2183
213
139
2083
1121
9321
1392
3229
103
893
2128
9181
8031
1191
9112
1182
1192
1912
219
1110
2191
2391
1238
8391
238
221
1032
1913
1138
3821
128
1821
1913
1019
2802
191
9811
1823
2380
1119
2211
1801
2191
2119
1122
2029
9322
3911
918
2208
2310
1130
1193
1829
1328
8112
1308
3121
1811
9123
2912
1209
2911
1902
2113
181
2102
1082
121
1121
8211
2180
8311
12
9212
1380
3011
823
1190
111
2211
200
2831
8190
2831
11
3812
291
2801
1819
9110
2289
231
2312
1121
221
3192
191
2211
2211
3111
112
8302
228
1902
3121
1211
1312
8321
3011
1912
191
1923
2013
28
2820
1011
2311
1220
3118
3011
3109
123
1321
131
1131
9121
2210
218
1981
8192
311
8201
3181
2121
8319
1112
1121
1810
2121
921
1131
2011
3282
3121
3911
8129
21
129
1801
9212
2192
9118
221
211
223
113
2911
2130
9181
1811
2013
9182
1130
2183
1219
319
9281
1823
192
391
2113
189
2191
1812
8131
1192
9213
1912
1938
112
8132
1289
811
8190
9811
1113
211
9281
2111
123
9123
1398
1312
3281
1011
9211
2103
112
1219
8191
2111
1211
9301
3182
1121
9230
1182
1190
2821
9012
1193
2119
118
11
2301
2018
8211
8129
811
2021
3180
8012
2219
1820
9182
3810
1029
8119
1181
1211
2231
8120
1210
191
211
1112
182
9021
8013
3128
1011
1118
9103
311
1293
8121
1801
9282
112
1829
13
3211
3810
8191
3811
1013
102
1921
1281
1108
911
8209
1903
9213
1119
1123
8112
1312
3091
1122
1212
1128
1309
98
2981
1932
1193
9018
21
221
8309
2911
289
1131
311
2823
1211
3111
1123
1121
1189
1122
1189
9381
2182
102
2291
1322
1318
112
291
8111
1131
2111
320
3221
9110
8102
21
1019
1829
1298
2321
2211
910
1032
1813
3912
2311
111
2311
8120
2181
3811
3111
3092
299
1219
1219
9218
1891
8911
9328
1239
219
8102
2311
2120
139
28
1119
1893
9280
1101
1039
181
8110
1018
8211
8011
120
1192
911
3182
109
2111
211
3112
1201
12
1129
1803
2120
9181
1319
2308
1119
1103
2310
1091
9121
1891
213
2312
1301
2219
9213
2183
1309
111
8301
2119
8139
2911
2111
1329
3192
1901
2109
1231
1101
121
281
1183
1182
129
812
1112
2019
9112
9180
1183
8213
1119
9210
9110
181
1101
811
821
2981
1118
2831
3912
322
3281
9281
311
132
101
1122
2013
1281
121
1191
2098
1308
8011
3191
3191
3111
3118
311
2121
28
8921
1912
8021
322
1311
1283
1310
2118
3211
1192
9121
192
2103
1219
1012
2823
231
113
1201
3112
3981
1210
8291
9110
9111
1122
1123
1911
1219
8111
2219
218
1220
1982
1221
288
211
1812
9823
1113
3910
2910
2181
8320
1802
398
8901
901
8910
13
3122
2183
1192
8211
832
8112
1321
2012
3111
310
1810
2110
11
1119
189
908
3219
9112
3908
9021
3108
1392
2211
1802
1213
822
1312
3102
3811
183
1012
3122
9810
1021
1283
2831
2832
2110
2193
2302
123
901
9183
8102
1219
9812
3201
1121
1021
1931
1811
1281
1212
918
9038
9211
2132
291
1131
131
211
8132
181
3119
130
3921
211
2219
3210
18
921
9113
1812
2120
101
220
1082
190
8139
2091
1213
2311
9201
1122
9231
2112
8911
1281
8231
819
1281
2191
8111
231
1011
2131
1118
8912
1139
29
1022
2211
1312
983
2891
8239
1121
9311
9310
1121
281
123
1101
121
3211
3011
2231
9180
819
3191
8121
2131
2802
1901
1293
1110
1892
1119
1291
2130
1138
22
8209
1012
9131
2182
111
911
1819
8103
9221
9218
93
9110
1122
2892
1211
1103
211
1321
8232
2113
2192
111
2119
1311
8312
1202
8012
2109
2011
1092
9811
1911
3181
3228
1202
1122
1221
1129
1103
1113
1322
9811
2111
1121
1918
118
1122
1302
8012
2311
2318
8112
9031
8113
222
2139
1911
328
103
1019
8112
8312
8221
1291
3192
9213
211
8102
211
3182
1892
2011
3121
8219
22
1102
8111
1113
1212
1328
801
1189
9281
8213
8201
8921
2111
132
113
9201
3112
1203
3981
318
3112
291
2211
1129
1022
3111
2103
9102
1280
1190
101
1118
8111
1121
2112
3111
199
2931
8311
33
93
312
1183
8091
9182
1930
121
8113
2131
1892
2128
1118
2181
2101
110
11
1183
812
1230
1098
1891
2819
121
1038
192
1821
11
1812
1029
8111
9018
1229
1918
3021
2121
9212
2912
2283
2891
2812
2830
8221
381
101
2190
8102
128
1113
1128
120
2112
238
9083
2318
2891
2921
2911
81
8921
3891
132
1831
1892
81
1281
31
8110
2891
312
982
129
8111
3810
2109
8111
2301
1189
3181
3810
8311
821
218
981
1219
1822
9112
3291
91
103
2191
2091
8111
1032
2011
1910
832
8110
2809
901
2101
2128
9122
13
1932
119
2810
1182
102
219
2311
121
208
2392
9012
9312
832
2210
8192
1181
3102
1123
2193
911
310
3891
2181
213
1831
1110
2210
892
2108
1111
1923
2031
2921
922
3901
1239
9112
8092
2132
8211
1812
9211
2321
9811
9181
38
2181
8123
2191
9381
930
1120
1109
2110
1121
3218
1211
9230
119
1210
891
2130
1029
1021
1209
1129
2110
28
9213
1211
1211
2138
1190
122
8111
3022
118
211
2831
211
210
1129
2381
1013
1198
8302
2191
1121
2101
211
8239
3120
1210
8319
8232
102
211
1209
8201
381
9821
2130
1809
288
219
1239
9132
1112
29
9112
8210
1812
3918
822
213
2123
3091
9121
312
103
911
121
1129
1239
231
1012
831
2291
119
22
9223
2231
229
301
213
3112
1109
319
1102
2182
9311
1122
8292
1110
1803
8113
1111
319
1181
1192
3021
8111
1938
9121
1210
2031
3189
3122
1011
9221
2890
9113
1291
892
282
1093
100
8931
112
8013
1311
1309
9130
291
2011
1019
3290
1831
3811
1021
1811
2891
2112
1181
1911
819
121
1289
1098
1212
2191
2111
119
3110
3211
1018
183
2311
121
191
8301
1110
1180
1912
1113
1311
21
1202
2191
3121
1028
111
1901
9221
1921
1011
121
1093
120
891
11
9218
2891
1109
1128
8021
8220
1029
1210
1118
2011
2181
92
1298
2821
8310
211
9208
9321
8013
3111
1182
2392
133
1301
8211
9311
8029
21
1121
913
218
118
2019
3211
981
102
321
922
2118
2111
9210
2803
1281
3121
121
2901
118
3181
103
100
1182
8039
8101
1113
3801
832
3111
2311
9281
101
2210
111
8121
2130
1118
1032
1280
2110
21
3101
1111
8120
2201
131
1902
1021
1910
8112
1281
2139
3021
2180
2011
1219
1139
1113
199
1219
2813
1013
2031
8310
2120
9181
1112
1211
8211
1198
9112
1923
1113
8221
2231
1129
2908
1890
821
1890
3821
1082
3021
1211
1311
9131
8223
1131
3191
910
112
112
1112
119
119
1281
2138
9823
3918
9123
3120
1821
9138
921
2890
1310
119
892
8203
9201
1812
2181
2101
1831
9118
1110
1192
2380
1921
1190
8122
122
2291
1329
1210
1928
1219
1011
1103
9202
9112
8013
118
3081
131
102
8190
121
1091
2121
112
1113
203
9211
8123
218
1022
9381
3119
9108
219
2319
8121
1810
1811
832
11
2931
1931
1392
131
3128
381
131
2911
228
221
1312
1902
8221
9312
2111
3110
3110
1101
1112
813
1329
1832
1891
2198
1112
9021
1212
1221
8102
1912
9082
131
9381
138
1281
1112
8111
90
3128
1912
1221
2912
2191
3198
1181
8231
8211
3112
8391
1283
1131
1121
903
3912
1893
2231
2910
9281
321
2811
9211
9101
8191
11
8309
1201
1931
3291
931
391
921
9218
823
299
1190
3819
3111
1139
8213
9021
8311
8112
2139
211
918
1892
2113
8101
1131
2011
9130
1291
2092
1118
2111
3121
3292
18
1138
192
2312
1119
3102
3221
210
1810
1291
1111
3201
8102
318
2391
190
113
3112
1921
3129
201
1119
1190
911
9318
8112
911
8121
9230
2293
3129
1202
129
1913
9312
311
128
8922
2381
1810
129
1219
3810
2831
1121
2102
3089
121
113
2111
811
9112
1208
219
8123
1921
1320
801
2311
1832
2211
122
9183
22
811
2281
9132
8121
1091
1109
2192
1819
3110
2192
1213
2131
1039
103
1298
2230
2123
3210
1212
311
1831
2281
2012
9312
2812
2121
2111
9130
1219
1191
2138
2310
1103
1130
111
2012
3912
211
3112
8301
2911
1103
2102
1219
8912
3118
2981
1012
3122
2121
1381
921
9812
1191
3128
3109
1211
318
1228
2121
29
202
1221
1121
2112
8391
8121
3101
2139
812
1083
283
3191
9102
131
2908
9122
2391
29
8229
1910
132
1122
811
2930
1139
9122
322
311
1218
2389
382
2890
8131
2390
322
1238
203
3281
1819
212
2312
1938
2813
1982
8111
1120
2131
3220
1390
821
112
8122
121
3011
8091
281
8130
281
2211
9131
2083
1381
8301
1108
3211
931
8191
2321
9183
3928
1391
8039
132
1219
310
8211
1209
298
1290
2129
8239
1231
1012
228
3120
1031
1812
1113
8131
1918
111
1982
2101
910
1239
3220
2111
131
1932
8221
111
2111
1129
1218
1012
112
2113
2211
118
1118
211
1381
8113
3912
1091
819
2180
918
219
1119
2213
11
2118
1830
913
2283
2123
9821
1231
2213
1931
3212
8921
1118
910
1918
3110
1328
1230
9182
2192
8193
2910
1119
1312
181
982
1210
3111
1913
8110
1138
181
8102
8191
3102
2182
8902
931
293
102
3191
8129
101
3911
1239
191
8111
3920
8123
1089
9081
82
1980
190
8121
931
2131
1932
2101
8022
210
111
13
2901
1282
2131
111
1911
9220
1311
2911
102
3111
9120
9322
2131
1289
110
1310
231
281
1012
21
2123
128
1123
8122
1232
9021
1328
1102
1139
1821
1821
9802
1109
9122
8131
1891
1329
3021
1121
1231
1910
1123
2011
3918
3191
1113
1102
1910
93
2213
8320
1293
9132
112
2103
1210
9113
8902
2110
1911
2189
2901
981
110
913
1381
8013
1198
1189
1118
2112
1390
2101
1120
2098
908
191
2131
3912
2019
2119
8
11
1228
1012
8110
113
311
1129
1280
229
2013
9122
1223
1198
9831
1821
1131
3120
2021
9812
2118
2398
2913
9322
2821
1290
1110
201
180
9112
1239
1190
1391
1103
1911
129
1920
1031
2218
3298
2911
9302
211
9231
2311
3219
1201
111
1221
3012
9181
9282
8091
113
9801
812
8310
9131
1029
1209
1101
2123
8111
291
2189
223
1198
118
8311
3211
1230
213
831
1012
2211
8190
211
8221
3210
1201
1298
2392
2113
1021
1123
118
1011
1221
2108
1082
118
1829
1219
133
2111
1381
311
121
2389
1121
9121
1118
321
9312
113
1329
1129
1213
8139
3028
2118
9111
102
318
2108
1029
3111
8111
1930
1129
8312
8201
2210
1
1829
1111
8931
2981
2113
9110
20
912
3121
218
112
1830
210
1309
1013
2281
3112
8120
3912
8231
11
9013
1031
1018
1123
3111
3111
1389
211
1
9113
1913
1318
1191
2801
2110
2938
2101
8111
8202
1802
1121
189
3908
281
1982
112
3122
121
1228
239
390
2311
1011
2311
1820
3811
2191
912
213
2319
1391
3182
2103
1132
811
8223
311
131
1191
211
1130
912
1029
211
132
112
1823
1108
1923
1398
3181
811
113
2128
201
3112
1220
9328
1923
111
121
8011
3029
8912
111
2103
322
1821
1812
819
1208
1218
2191
1139
2201
9201
1201
281
2321
1121
2391
912
31
1211
211
1101
1011
11
8110
2918
1229
1211
1213
1918
2918
8321
3101
2981
8312
122
1192
2192
2901
2119
1013
1218
38
381
2121
2231
8112
911
891
8120
3109
822
1223
8911
1182
811
1820
111
131
2981
211
1230
9312
2123
2111
129
831
9320
2101
1839
118
1181
3129
8210
1229
3111
291
2198
9803
8132
932
1021
3121
1810
8311
1890
321
221
3190
2191
281
1311
1283
1129
1118
3211
1102
3180
2219
9113
3291
291
3081
3122
9130
2180
1191
913
9132
11
1213
8110
123
2911
2129
9321
1981
8211
3181
8220
8211
3209
8213
121
1281
12
8121
1122
1983
218
223
8129
2012
8109
2083
191
9121
1038
211
221
1132
39
820
1809
2011
2891
2138
911
110
2181
329
9082
1110
9112
1112
8103
3812
1281
9213
1902
1923
9112
912
181
2231
2112
218
918
211
1082
111
1092
299
110
3112
138
1311
8193
2011
2109
1281
219
132
1812
3191
2321
1821
1012
392
9120
2123
129
1119
2118
1811
8212
2301
8910
11
311
112
1109
3011
2381
2903
8111
9802
1398
219
3102
19
2123
2381
301
2190
9202
101
9182
1190
9318
2281
211
2112
811
1211
911
3102
1220
3821
182
1192
183
9101
1832
181
1121
1183
213
3921
129
1938
8911
2182
3129
9212
1810
1923
1119
1132
2381
911
1310
912
9180
923
2311
8012
831
2111
311
132
321
1912
9108
1912
301
1320
9131
382
112
1892
8311
1182
131
2131
108
2210
1281
2132
21
8111
2218
801
183
3021
8219
8119
329
2110
1931
1011
111
9311
8319
1031
8012
9111
3110
8011
129
9112
820
112
1212
1012
3219
1192
1102
9112
1210
32
3102
8139
1129
923
2123
111
213
8110
3118
1211
2181
3121
1192
2301
322
92
820
3029
1219
2110
8021
132
191
812
211
1811
119
9311
2819
2921
1091
810
1139
8230
1031
3218
8210
3802
1801
9011
9111
9312
2211
2291
1193
3212
1128
1112
12
2821
2209
2111
3221
1032
2091
2829
1112
1221
231
803
181
1198
8912
2113
3101
1190
3128
3201
8192
9382
2219
2321
1110
2238
3211
9811
2111
199
1132
3011
1912
811
8111
9013
2320
291
1192
8912
211
8312
911
1139
8111
3111
1219
1130
191
112
1128
8110
1230
809
131
2129
9811
211
3112
3918
1893
2218
1813
9022
329
8123
2928
1830
201
112
9202
9311
1819
113
8901
128
3111
1130
1119
2111
1102
1821
811
118
2012
822
111
821
3210
2039
112
1113
3290
8121
1180
2181
1112
1280
3901
1231
1931
1102
8112
112
219
311
3122
200
1122
9111
301
2131
1810
1108
2198
2810
2180
2291
2110
1190
2031
211
3120
11
1192
9012
1118
111
8931
2109
911
1
109
3110
211
1223
1131
2139
1101
2811
139
2101
18
1811
1913
1212
2831
1031
181
2913
9101
2310
1122
2011
1912
101
21
3192
311
191
2931
9132
182
8111
1102
8103
912
3928
9238
891
2191
1201
812
9011
9031
1132
1181
3212
1091
312
1981
1918
2811
9112
9012
8912
1122
1021
291
21
9128
2813
8112
311
1018
821
1221
112
2029
82
1019
121
1901
9283
3291
311
3028
8192
9211
200
9013
122
1028
2819
122
2118
21
1112
2201
1920
122
8131
3210
3120
2230
921
3192
2912
109
111
1381
2112
111
2198
8112
3121
2319
9011
8210
1921
1021
1021
1981
1121
2190
2318
2911
1911
1191
123
8011
8911
2318
1111
118
9113
9102
1029
1119
2283
8211
318
9121
3911
112
8113
1931
9301
112
1121
2019
2219
9801
1210
2191
211
3201
3202
3129
112
8103
211
3122
2210
1829
9132
91
1113
3129
2319
1118
1321
2891
3210
3218
1181
1823
1810
1131
1031
9012
1132
3109
8022
9318
9182
308
1820
2119
8192
122
801
2118
110
1108
22
2112
2130
1193
9111
9031
1121
981
1229
1812
821
9320
813
3291
1281
1812
1310
1918
2031
810
810
102
1111
19
8193
892
8912
1132
1938
9301
112
2092
8120
8311
1019
281
3012
1193
1132
1091
8103
8122
1811
1213
9111
3101
3281
8132
1819
9132
9182
231
2811
1181
111
1111
8121
1928
9213
8110
1122
1201
8291
2191
119
8012
2310
1812
9231
132
2219
921
1211
8210
9131
8192
2113
1921
81
9111
1291
9181
1208
2911
1012
3209
8122
2128
8123
128
911
3190
2139
1312
2381
1890
391
131
8109
9112
2319
3821
1211
921
9112
291
1938
2911
1128
2131
1111
120
2281
1809
2211
1219
2910
22
120
2113
812
1820
2111
1223
1830
210
132
1221
1121
9211
9213
1931
2021
9082
1813
9012
21
1312
2911
9131
1911
1111
1218
1832
121
1219
2131
2128
1110
3212
3281
8013
1210
211
182
311
2238
1131
8112
199
1821
9131
9012
8232
119
111
1190
811
8111
3922
8193
2113
121
9118
239
1201
1113
1321
1211
2311
1182
821
1120
389
3121
2118
1811
1809
8139
1129
1201
8021
3028
9218
8111
3212
1110
8110
2912
2811
1013
2191
3119
1182
111
180
2112
8319
21
1932
1223
113
1113
2281
139
91
210
2213
2011
1111
121
3289
1298
1101
1211
2011
2118
1829
8221
1282
9131
212
9021
2112
1113
389
3119
911
108
2113
9121
3221
9181
2101
1101
3901
11
9801
2091
932
3111
11
911
1012
3802
9381
8191
3211
109
18
191
3811
2111
3111
189
2193
9138
9113
1391
1811
2128
1918
1120
9832
823
2019
102
112
1892
3111
211
2131
2093
9182
219
2131
1022
198
2081
1381
902
1910
2112
1019
118
301
1220
2128
3012
3181
3119
1318
3291
29
1212
121
9011
9213
8121
1122
922
1319
181
381
2908
8932
8310
8211
3128
2321
2311
819
2101
1189
9038
8911
121
9218
13
2810
3822
8019
1911
1923
2921
1189
2211
1239
2119
3282
2811
121
1212
8121
3011
8239
119
1019
1811
1382
3290
3181
1239
3019
2121
91
1129
2318
1120
1122
9281
131
2012
1201
3111
1908
1232
2911
2111
8191
8132
221
8312
9111
1912
2312
1910
9211
2111
2101
1138
9180
389
2310
1139
2113
1211
1901
311
938
1390
138
922
8192
2081
1228
3829
2093
1103
8120
1830
3128
2131
2920
21
1190
2108
2189
9118
2121
1121
1821
8310
92
8119
1118
9823
321
2130
8111
11
2039
928
1231
1018
221
1110
3182
1180
3201
2191
2302
319
3091
1202
1913
3091
2111
2111
1120
2091
1281
8212
912
109
2180
2302
1381
211
1
832
9128
1810
921
10
3011
1110
2210
9221
281
2183
2903
2112
9031
2180
1110
3022
391
3911
1311
121
92
121
112
1119
2213
2311
3112
129
1911
1891
1011
801
1812
931
1801
9011
23
1312
32
1211
1091
1108
11
122
2298
1813
1310
2213
1210
9181
312
2111
912
8932
1810
2111
923
2081
2901
311
2121
8311
121
38
2101
111
1118
2121
1290
1221
3102
2191
381
1321
211
2019
1931
3201
312
1113
8112
1021
8191
9210
213
9220
9822
110
191
1391
2181
119
3811
1803
211
2121
1302
1028
211
3902
211
131
220
1139
1210
3912
1902
821
228
1820
11
1213
2382
1311
288
3109
1202
1932
1813
12
2918
111
2192
199
819
9280
1213
181
9210
1901
1891
1912
1202
132
1011
2938
1211
9230
8121
1819
210
1283
1192
8103
112
1181
1291
1982
2239
31
1293
9011
8311
8139
1121
2910
2823
9218
2018
321
1132
1923
2310
3021
230
913
291
9231
1210
1219
220
2213
1191
913
3829
1219
32
9118
1083
8191
319
9221
1091
9123
2113
1031
3101
1292
8921
2112
381
1213
9031
11
1118
9301
9213
121
2019
9118
1131
2113
823
112
1112
3811
1028
911
3021
318
2918
9801
1112
2123
8213
9218
2183
932
1922
9382
8292
2102
110
9811
1893
9112
9111
9213
183
3198
2181
1392
9212
291
1301
1132
3021
238
1811
9382
2832
8119
1138
310
8102
1228
1230
9118
2912
1810
9180
2110
3011
112
8011
1081
811
291
2831
2131
3921
1938
8111
1211
9213
3811
1211
2198
1229
3219
2182
3181
1130
812
1019
1920
1111
1813
2129
1812
831
1121
1119
1032
1201
8109
811
1892
321
8119
2839
8123
2101
1132
8910
1113
9102
3119
1212
9813
3182
1312
211
381
9121
312
111
1981
1832
3121
3028
9231
8192
113
211
1311
1311
3112
112
9821
981
9231
3021
1091
2312
2012
2908
1213
8121
2113
891
1201
3192
2382
1911
3820
8121
1131
9180
291
2911
1893
1801
9801
1319
2111
1181
9121
2981
1911
8211
2809
1312
1028
8023
119
1981
2208
1901
2239
221
821
9011
1019
1301
9130
9111
811
29
210
111
8102
111
3819
1292
8213
8110
3181
8192
9121
3912
2308
9210
1113
2093
8911
1380
2811
9312
1122
9812
1
2131
8901
19
1
1121
1191
9213
8021
8113
1102
9122
321
2218
3819
2231
8232
8021
9121
1901
3982
311
208
131
1132
3120
1922
9183
1231
1893
911
3211
9211
1281
8921
1112
2110
1203
1121
8111
1021
811
1292
1839
1139
1218
191
8190
1891
1039
1302
1831
1801
1289
318
2189
9113
312
1121
1182
281
8111
891
1803
2381
2139
1120
1122
9231
3028
11
1132
918
121
1128
290
8091
892
3218
2921
218
281
2118
8312
8112
2031
1311
1201
112
8021
8111
2812
1921
1829
8011
1028
2191
2119
9011
1920
913
9101
1109
3190
3921
911
293
1189
293
3128
2031
129
2139
1839
3911
823
9211
2113
38
392
3911
1221
1391
308
2181
311
2131
1109
8121
9021
9112
1032
12
1101
212
2182
212
1209
2109
9238
2281
1820
2298
1018
1928
1201
1092
2031
2101
1918
9138
9113
181
1121
1220
1213
312
8193
9120
82
8101
1291
812
811
1823
2928
39
1
9112
1938
3118
128
3918
1019
198
918
3280
1029
931
1130
2918
119
9203
1091
311
9108
311
1113
11
23
2183
18
2380
819
1201
9311
1839
8213
1891
8092
2389
132
119
2119
138
2131
210
1111
9102
3012
1123
9283
1213
1132
2013
123
1390
9112
2382
1212
121
9111
28
30
1139
2112
2219
1822
111
2911
181
8329
110
2810
911
9012
3118
1011
1311
1319
1912
8120
309
1281
2911
1118
2281
211
1830
31
1308
3122
9311
3191
1892
2911
312
811
1092
1302
210
1118
1321
2129
2321
221
9211
8123
8931
191
928
9211
8112
238
1910
8211
8192
9012
1119
2091
108
1238
8290
2830
1211
1193
8011
9213
9283
9231
13
8112
9112
9221
1231
189
2130
2211
1821
2132
111
3912
1108
8112
9131
3918
3110
9112
9238
1019
319
9202
9112
8113
8221
811
31
811
1281
1121
8211
1238
3129
210
3102
822
2821
1089
2310
2120
2183
2321
1801
1029
8202
3092
1921
218
1312
1921
111
128
2821
2981
3228
1220
8111
1218
1021
2111
392
321
302
3081
2192
202
211
2011
3112
3101
1031
813
1293
129
2093
8022
8192
9011
1208
8120
82
9121
1208
819
8213
9118
1211
1319
8209
113
1831
112
191
3111
923
9111
8121
3121
8132
1829
1183
1211
1918
9812
111
1193
2089
1132
8102
8221
2318
213
932
1920
811
130
191
8231
1311
2213
9181
9312
8293
8112
2311
1121
1022
1122
8021
3110
1821
23
1120
9811
18
113
8129
2121
2301
1912
281
1192
1022
2018
211
1229
1921
2103
1128
9801
2301
122
1290
128
382
918
2309
8139
921
19
2811
1129
8229
9113
9138
1218
2181
1119
9011
2139
8112
2381
190
111
1021
1391
9128
2911
2211
3111
9822
391
103
8091
211
110
132
2112
2118
8131
3198
1932
3021
3119
3218
1813
2023
8111
2210
1301
1328
9111
2111
3891
1301
1321
219
191
1181
2101
3212
21
1832
1913
9203
1821
3291
2091
8391
1112
1281
1209
2118
8231
1391
1231
8101
311
8911
2389
1232
8191
8910
112
3812
9121
1801
211
9028
2121
213
3212
1921
1139
2110
8119
2012
1322
3111
3121
9120
8013
1223
213
9181
2821
122
2328
8112
111
912
112
21
1310
112
9012
2111
1283
2109
1311
1023
1839
8213
1211
2932
139
2019
9118
9211
2132
132
2113
2101
3182
2812
1112
319
3219
113
1213
2101
312
12
1232
1219
9281
192
1102
2918
121
1130
1218
2111
9201
1318
211
1121
221
911
3021
911
1328
9280
1982
1910
8119
1111
128
3922
1123
2931
8101
201
1282
1191
1319
9181
112
1228
2101
19
1298
1120
8130
3210
2111
1132
9822
1291
3211
21
201
328
3021
1921
3012
9211
1110
3112
112
8111
2112
21
1120
9803
1922
9231
2111
2013
9121
1219
8109
9011
1921
1930
2110
112
2321
2819
1082
2113
2193
2198
9113
2111
2208
1021
1328
131
132
9123
121
1283
1102
9180
1182
1312
219
1191
2191
1121
1102
1322
219
119
9132
2101
1213
8312
2182
1120
212
8211
1118
2191
1320
9280
11
21
1218
218
1108
2183
19
9128
112
82
3129
8120
9110
2111
2813
1021
281
8012
3018
3902
1312
1293
1921
1180
1202
1812
9312
1213
1812
1329
192
2121
218
221
3101
9321
1118
1181
912
131
8122
3211
3189
109
3121
2013
8213
312
1931
8212
1932
1918
1231
119
1092
213
19
102
1113
1182
3011
1092
1121
9121
1092
9112
1101
1932
1181
8021
2801
31
1211
289
9211
1102
191
283
101
1112
3121
2182
1803
2218
9810
218
1191
2811
1292
1110
2131
2901
2809
2123
101
2201
1318
2803
1211
2321
911
3111
2301
9281
2130
3921
3928
92
2039
1121
1118
288
2811
1320
3181
121
9018
1210
113
2813
822
1281
3912
2390
1031
131
191
1121
1802
1111
1298
2120
2911
1213
1011
2118
3122
2018
113
2819
1823
1981
81
9321
1012
1122
3198
2081
8229
218
922
112
22
9211
1923
1111
1918
3111
1801
1813
1292
9112
2312
1139
821
212
118
9121
131
1821
1039
1322
9118
8111
9112
182
1011
281
111
2198
2131
112
8190
8131
3211
1092
1281
131
1031
138
11
2231
1230
1923
2119
3219
1311
9131
9211
212
928
8913
1921
8901
3911
2191
9211
2982
1318
130
211
1192
391
19
8011
8123
1118
1218
8119
20
1112
2131
3182
928
2011
119
920
9311
2180
1189
2191
1891
1301
9121
3112
8921
8211
1329
2191
2101
129
121
1082
120
901
1138
8011
8119
9118
2198
3110
9121
1031
12
1091
1118
3191
1019
312
2131
8132
1121
118
1982
1122
1238
181
11
1832
1320
9121
9203
8191
9110
2111
3120
1091
112
8111
11
112
1232
2201
1182
181
3111
319
1128
3821
1110
1282
1112
118
8131
1208
1180
2132
1391
118
1108
1381
1218
1180
8219
221
3811
9182
1121
8091
2131
12
3212
1119
2839
9011
1913
1190
322
8921
2311
9131
1212
8110
2319
2211
3101
13
922
129
2108
8190
201
1012
2981
82
9280
1298
3208
921
121
121
2109
911
1189
1121
3121
83
221
8120
1210
1121
2812
2112
1083
9228
12
391
8192
1231
211
119
8013
1310
1108
2119
2119
2198
212
1921
3129
3191
2111
3192
1130
1812
11
3191
8120
1192
2112
2982
981
2918
1121
3201
2211
208
2832
2831
1112
2811
3920
199
1202
9018
8129
1108
2210
9221
391
8221
2193
11
1911
8211
2182
8091
9131
2123
2892
8111
9183
2131
2131
1039
2830
2019
1129
2118
812
810
129
8902
1131
291
932
1211
8911
322
319
211
2390
1221
129
9012
2119
2831
211
2011
1290
1912
2180
911
1211
92
1121
191
98
8311
1112
2121
1280
1031
8111
221
9111
8931
31
1908
2102
1121
2812
1230
1922
2102
1029
111
1319
1983
2110
1913
9180
3812
121
3121
9111
121
1312
1902
1293
911
2291
1213
298
1901
3191
3182
3928
1131
122
2832
2038
8921
2013
1123
2931
1120
1212
9131
8211
310
8119
1022
8113
3102
1110
3218
812
1212
12
8210
2310
8122
1813
1192
9130
9311
3118
8011
9110
3101
9128
2901
1320
3810
1031
9811
831
3012
1121
2130
3821
122
2211
2111
2012
1119
2111
1012
19
8121
311
218
9011
2113
1829
1912
181
213
111
191
2932
8131
3118
1392
2181
3211
1391
1110
2113
2011
2811
191
1201
1112
1013
1182
2118
2128
1211
1911
1102
1391
8119
2192
8112
211
1121
1820
8311
1028
2111
8101
1201
8112
2110
9208
8219
1112
1801
328
211
1130
1123
1893
121
2910
2029
2112
8213
9218
3802
1089
1291
8123
2812
2239
9182
1821
2118
328
2310
3182
902
1983
1821
911
108
2911
111
3210
983
2213
1281
1891
113
820
3810
1212
3109
1201
1221
1280
9110
893
1298
3111
1312
2921
2121
2101
1311
1118
23
811
1211
2182
213
1281
118
3190
9211
1211
1028
3290
2211
1302
1108
1132
9120
9181
1110
9132
1213
9181
111
11
131
1023
1309
2018
1082
8113
311
1320
1118
2931
122
198
3192
3901
208
2191
1301
1810
129
2191
8110
1110
9310
1238
181
199
1292
291
191
318
9112
1980
1128
8131
2113
192
1812
111
1208
8119
2819
9121
1012
219
1930
312
1293
122
3182
2810
3982
1121
113
3112
1129
821
201
2811
2829
2189
8911
8121
8121
129
8110
9321
2112
201
1032
2121
2131
1122
2081
1981
2031
1801
1911
3182
8123
1211
2318
119
2831
12
118
111
8232
8121
2082
1128
1318
8202
8111
1289
8111
3911
1219
1011
831
8190
3191
9211
1139
9812
1311
1018
1221
2110
2901
931
1131
2119
8091
8111
1812
1021
3102
1123
9812
2189
1901
3111
2131
1183
2910
1812
1021
3181
3892
8301
193
3819
1218
1022
1121
1191
1203
1981
2209
3812
2311
1131
1819
1108
923
20
3811
11
1132
3111
8112
1119
2110
9831
8202
8092
1021
8102
1813
2031
1228
1821
1981
8192
902
1213
312
3021
1082
8191
191
918
2811
8932
2319
9112
12
9112
1811
1238
1912
921
801
312
9112
118
28
811
9112
1193
1210
9112
1301
8903
310
1221
8110
801
8112
2119
9121
1111
8132
1913
83
2113
1129
1102
113
1082
1211
2218
1121
1101
3191
2191
1112
1112
112
8119
1192
1131
381
8192
231
1129
1912
9112
293
9231
191
2218
1103
2112
8321
2011
1231
1130
3218
223
911
1389
1232
1018
211
2113
12
8191
1232
1192
2110
981
1220
9311
238
29
3112
1121
9123
1231
8920
8111
1829
8112
1182
2281
8932
2381
2381
1111
3821
8910
1821
3118
8031
1181
928
1382
1029
9221
1191
2319
8210
1023
382
19
3181
2081
32
2011
1211
2213
1132
1312
3219
3811
19
8112
1912
213
1193
9110
1110
291
139
1191
2028
121
8113
813
3121
813
2110
1823
110
1012
1129
831
1812
1122
8021
1129
1893
8103
182
3112
8119
1122
3221
3011
109
1111
8121
1120
1123
182
1180
1911
1081
1911
1218
311
921
9282
1931
218
811
1821
102
1029
1213
2932
8111
811
1221
2319
8110
9812
1901
1811
3012
219
1108
192
2912
3911
1093
2891
9312
9283
201
119
9213
1289
2182
1981
123
910
1321
1831
2923
819
1928
1092
1918
1810
9011
112
2113
9201
2821
2298
9211
2211
1101
3282
8132
2128
2831
128
1923
3101
291
130
1189
1310
3121
1118
189
2011
1108
3819
1983
1103
920
1239
1213
11
9113
1019
3011
118
113
8112
1122
119
3128
99
1311
190
1312
2811
1211
112
1230
1021
1921
8111
228
899
9120
1823
1191
821
8103
1182
3822
1312
2821
1131
3122
311
2029
3101
189
111
8210
9121
8132
1908
911
231
9121
2218
3128
1131
9081
121
9281
1212
2119
3198
9112
13
111
981
8110
111
9110
3098
321
2211
2231
9102
9210
1218
9221
2111
2181
9203
3221
188
1118
9181
321
1293
2801
8921
2111
8312
121
9112
2801
121
3981
139
2112
111
3281
1198
1123
2121
8231
1231
2912
1012
2181
211
892
1112
2210
21
2131
1120
2083
9181
121
1932
901
1321
2011
1182
9018
1190
8011
2102
2098
212
8211
1210
310
322
1210
1192
9108
1103
10
3911
281
121
1809
112
2110
8211
1321
1092
2011
1101
3810
118
3211
12
2118
8292
8912
281
3821
1031
119
311
8391
9121
8911
1111
2311
1281
1211
2111
1829
2111
2083
13
2291
9012
8131
2910
1382
2981
2931
3129
1831
3120
1312
1181
129
112
1111
1111
913
8119
2219
2189
1032
1181
1103
3011
2311
1112
211
1301
9208
298
1021
1189
3011
1813
822
1811
3210
1112
802
19
113
2110
1083
9311
1221
1231
9013
2121
1189
1023
2931
9121
1921
2811
3029
9118
9832
8019
813
1813
1309
3111
119
9113
9102
891
3091
3201
1123
2031
1193
3212
1289
1219
11
132
293
329
1113
8121
9822
2311
8311
831
1019
122
381
2190
1022
8319
2311
2211
913
3118
192
931
811
1082
1121
8902
1913
1019
2021
1310
8921
9201
111
9381
8321
3102
9282
3291
391
121
811
3120
30
218
9012
8139
9232
111
3021
118
1311
9213
2213
1832
1110
9138
392
9210
1310
3191
119
318
1921
192
1119
101
3102
2018
2213
122
2391
2192
8312
1112
9223
2813
2310
119
1230
8923
3291
1291
1928
1282
9321
1932
2920
8111
3011
9201
2128
1113
2121
2981
1938
1189
3119
1220
1310
1302
1893
1312
1012
1111
3128
8112
3921
128
123
1130
9121
8139
12
2101
2190
8211
9022
1120
219
2103
1019
1131
3082
2982
1113
2031
8112
1218
2193
1091
291
1322
3212
891
2391
3102
2182
120
3290
1811
1321
211
289
3110
321
2211
2398
3121
8111
3219
1320
13
2181
3281
113
903
1113
1912
1298
119
1039
9831
3120
1091
9121
1111
801
2830
2210
2390
1119
1021
8301
2911
8113
812
129
8221
2211
1011
1189
238
9121
8192
1108
9112
2112
1291
8012
8120
2113
913
1191
2113
3029
9211
1311
902
311
1109
1219
1120
1218
2911
9210
2111
2810
8112
2231
9113
21
1091
3811
1283
811
8021
9212
1221
1911
1911
2119
1913
912
3982
1231
9321
192
1311
8911
2210
8209
1982
8111
9112
2211
1212
1123
201
2831
8191
1111
1013
8231
912
9221
913
123
82
9181
2819
1220
1231
118
2112
2110
2112
1213
2011
9120
1319
1801
2013
1110
3980
1112
132
211
8111
1911
9132
2118
9811
211
1381
2912
1112
1129
218
120
1192
112
921
191
2812
129
1182
1082
1123
8191
321
3111
1231
1309
1120
121
1192
2311
1912
9301
2381
1219
1221
8912
3202
8130
2121
1113
1129
9011
1118
1112
1983
1118
9210
3028
112
1312
132
2109
810
1921
3012
118
1218
8213
8011
8901
2129
1921
3928
8319
300
2118
93
2291
9181
1801
118
1302
112
1112
131
8231
1028
2318
1081
1321
2982
8120
9281
21
2901
3181
8102
2120
2121
281
131
19
8311
129
8113
901
2931
8021
2011
2021
8201
8101
1102
2011
2801
121
3112
1201
1329
9111
93
1138
2120
1281
2810
3981
811
9321
1120
8321
9013
8019
981
2801
3211
3111
1221
1182
3101
202
232
2113
119
1809
9081
1113
1123
138
2091
2311
1923
1911
1823
8203
2112
1
111
811
1911
230
183
8211
3911
181
2211
2911
1803
8121
8012
2211
2981
1811
2191
8011
212
9218
1193
19
3098
8102
121
2018
8211
101
1101
2113
9021
2203
1901
1820
2032
1119
192
2019
8111
8101
2839
218
9211
2311
2819
198
1121
2391
911
381
1102
322
8121
3191
9128
918
1029
1281
9112
111
122
1130
103
2121
212
311
1321
3118
2198
1013
9210
2180
3291
2101
1392
202
1902
819
9218
9121
1121
1182
3891
3211
2101
3811
1231
1201
1111
211
9832
12
912
112
1982
2911
112
122
1092
9181
112
1102
112
9031
112
2112
1138
2121
2310
8191
1201
9118
381
9281
1931
920
1110
211
118
1821
2012
9281
1221
9381
2291
2111
2110
1280
1181
1920
1921
1291
1312
8311
132
129
3111
1202
9111
1298
2111
2191
1123
1311
238
3289
3102
3102
2821
1832
1221
1103
311
201
1232
1189
1098
2931
1201
2921
9221
211
2921
2318
2109
9211
1908
2181
191
1312
3119
2111
1112
291
1980
31
212
821
822
1293
1230
1291
1229
3211
102
2938
8922
181
1113
1201
2812
218
1211
1112
8012
1130
1019
1312
2102
2021
9132
1119
2891
8109
8112
911
2201
221
1921
988
283
1032
1811
911
2081
9122
1120
9221
810
8292
1203
1129
291
211
9181
1912
1121
380
8290
1823
1310
1980
198
9183
112
88
1110
318
3110
312
3212
2139
1902
2191
1092
9123
9211
1190
1289
9182
2191
1381
1398
239
1201
1328
11
1812
1211
3018
1812
1023
9311
2311
1928
2110
1191
113
1891
1109
3218
3129
122
8021
1310
2113
9101
1011
2382
1129
2130
9083
2038
2190
1212
2208
2291
8113
1129
2189
211
1829
191
1132
8932
1122
1022
308
1321
119
3101
193
2302
8213
2111
1219
9011
1082
1101
1028
9112
9811
2019
2119
9221
1019
1038
1318
8301
2119
8223
11
1181
321
1101
3012
1223
923
119
311
2912
1810
2113
1912
1112
8201
8111
119
281
9810
1811
1392
1113
1101
1119
1221
2281
311
199
1291
1182
2389
1801
3101
1221
181
22
102
8119
191
3111
1819
1112
811
1201
13
292
221
1291
3089
1189
9110
1018
3190
1121
2911
1121
132
121
3111
2131
8321
831
21
3211
811
119
9228
1192
2211
819
321
112
1131
1231
1201
1119
3120
8121
2119
9328
9101
9123
2803
9123
312
121
1011
1118
2291
9082
1110
2123
821
1811
831
2083
1821
811
1191
2138
3111
1981
128
2819
1081
81
9123
1018
1312
8110
1123
218
1081
1921
2118
183
1123
210
2191
2321
1111
9302
202
9221
1301
2098
1289
1019
8319
291
1138
111
9131
231
121
2201
9132
9112
1920
31
1312
1321
8013
1811
821
2081
2181
2191
2091
1123
3910
312
2101
3019
9120
1108
211
9180
2128
801
1121
1023
9801
1832
1082
2301
2110
2110
1932
9321
1110
2281
912
3021
3811
1812
8111
8129
118
9381
9118
2213
8191
1901
19
2311
2111
931
2120
1108
1128
1310
9103
1291
311
9181
1111
211
9121
1892
121
8321
2291
9321
1132
1211
2911
181
8110
128
8191
2811
1102
9121
101
9811
1121
131
381
1822
399
9131
3911
9182
1113
1128
211
1901
821
9183
9021
3118
3121
3189
1209
2138
3012
8113
131
3211
220
1122
112
8121
8111
2113
2118
1301
2301
8121
9132
2109
1021
2203
139
2112
388
182
910
2820
1311
2819
3182
9111
1112
183
2121
2911
9810
191
1219
2801
1312
3811
3012
8219
823
8321
9101
8121
308
38
1021
9032
1301
2192
2219
1910
1221
1181
1292
9801
1231
2182
1311
381
3081
311
9282
11
312
1112
319
2011
1810
3228
1182
1203
2119
1081
1039
300
2011
2091
11
1128
1081
2023
139
1201
8911
2321
193
3201
9382
1032
301
1121
9811
239
2310
3111
121
391
321
3920
1013
9022
1219
8111
1210
2120
2830
2093
2291
3210
2111
1198
291
12
2108
1031
2132
2201
1311
1131
2018
2081
201
2381
3180
8101
9221
1891
389
1319
2192
8121
8231
9221
1211
1803
1911
1311
1281
112
202
8112
1130
2811
2101
2181
138
2293
1931
1112
9102
1139
2109
3121
2012
1281
1289
1192
12
8101
918
8312
1211
1029
1312
1211
1902
2181
913
1910
8032
8111
981
101
311
291
9013
211
921
212
2111
3128
1211
198
921
2111
1229
1019
9218
1192
119
113
1082
1329
2311
9181
2132
112
2318
1191
3901
110
1822
1392
1198
1219
2101
2181
2121
8129
291
111
1238
8123
1232
3101
8132
1912
8910
2210
130
3221
1220
2832
918
3112
3112
99
1021
1231
1081
8211
810
2101
1932
8031
1911
9281
1022
3210
1310
9111
1123
1239
2918
118
921
12
922
1211
201
9131
911
8122
2180
1202
1109
1309
2298
3111
9123
111
321
31
1890
1223
1290
111
9112
3812
2111
3012
2128
1190
110
1308
2183
813
2801
1102
119
9281
2901
101
8930
181
9011
3902
8291
2891
1291
9211
9111
1091
211
918
2131
2102
2218
932
1108
111
911
1191
9221
1811
1128
9123
3211
3012
183
8110
112
3180
3208
1101
2183
11
1110
9281
813
2091
3208
3112
3191
821
2190
2121
2910
1382
1932
1031
1309
831
1232
1391
2191
1128
2820
9218
1031
921
1098
2191
3121
912
1128
9013
318
3212
112
1812
211
3221
390
913
9213
912
9102
2301
8231
9082
912
2011
2831
3111
2021
89
8902
1121
1118
1031
3181
1281
213
9221
9131
381
1311
112
131
2183
3211
3112
3121
1193
8211
382
11
8092
1923
1011
221
1291
9121
3190
922
8321
211
112
1018
2911
3218
3018
2101
1908
1211
1802
3118
8201
3122
8132
1181
1129
2111
10
3118
213
3829
3112
1029
1031
321
109
121
1913
8112
1281
2291
1192
1819
1239
1329
1312
212
3292
892
8119
832
9103
8130
9812
201
1382
1212
2211
8291
1930
1213
8213
118
1190
2119
8319
3112
8102
2910
2213
3119
933
13
3802
3029
921
1811
1832
1211
1132
1981
1023
1111
2910
2811
131
2112
1819
8229
2121
1132
1118
1902
2091
1832
1813
2123
8029
9102
1911
2211
1122
198
2082
1211
1902
1012
1122
2211
218
211
1129
3191
1920
8190
2108
121
3921
1023
211
3122
311
1381
3182
3120
2111
9228
1811
921
3901
822
1192
2819
1219
1218
1210
2113
9203
13
2390
211
1193
908
1311
931
8212
3021
381
3190
3122
11
8111
198
1301
2190
922
2111
3210
1029
1928
2311
8119
911
1218
1192
1201
1110
1201
218
1131
2312
1902
1211
312
2913
1191
2920
1118
1292
1839
2390
1201
2911
2112
3211
8211
1813
2932
2103
2113
9112
912
9312
1189
1282
1110
891
3119
8132
112
8203
1028
9118
2110
2131
10
9128
1922
3098
311
988
2291
3112
821
9211
1910
2910
3121
1092
219
1113
2139
3211
2103
201
1238
1129
1821
809
8231
112
1182
3119
211
132
2381
221
3112
181
3218
2083
1102
112
2111
2918
2112
2191
3891
1931
1231
2119
3111
191
8191
2031
9031
281
2101
1922
1381
9210
8131
2901
921
912
2921
1021
198
8911
2110
1213
1212
1301
1121
3891
2012
1211
121
1082
3111
8211
921
1221
123
9101
298
8220
9802
912
2112
1211
2312
9111
8130
2193
2018
1098
1182
2812
1293
911
1281
1321
3912
8301
2109
2138
1113
11
1201
1302
111
9012
1329
2911
1181
291
1181
131
3119
9328
1811
2123
12
1130
1922
922
9311
1120
9121
123
1282
9111
3110
192
1012
3191
1329
1019
1912
192
822
2191
2121
129
1032
8101
2182
8130
2131
8223
9212
819
3192
812
2312
1819
9801
3111
1218
1112
8111
2110
922
188
123
2110
1289
982
9212
181
1011
121
1119
3119
288
2112
2118
9311
8111
912
1210
221
8311
311
1038
911
1822
2891
9110
2081
8112
2089
2298
1231
3212
129
1391
1912
1901
1211
9011
280
9023
1101
2190
2821
1391
2013
2081
1931
1191
2298
2391
2113
1921
1120
1231
2111
811
182
2180
912
1912
1289
139
2901
9111
1910
2129
1192
181
1102
1211
1820
1220
1012
1218
9812
1119
1183
1231
211
1118
3802
3811
2110
321
191
2310
2283
8139
9211
8221
1228
821
1280
1189
3211
133
119
8011
9128
113
9011
1902
938
1011
8321
1108
2312
2013
2013
9121
3191
2213
193
3912
2110
2981
119
328
8391
1321
2283
301
2911
1012
232
2102
1182
3911
1122
2831
8113
89
9110
1911
1119
3219
1119
902
1319
9312
2811
311
111
1298
321
1091
3219
291
9802
131
8112
192
92
2183
9082
1213
3281
1938
1209
19
211
1928
1239
1019
2118
2311
1891
9081
9811
9321
22
8321
293
8291
1011
1381
1232
1112
1908
3111
3021
2191
3111
8221
1028
9211
9211
9211
8921
1319
8211
2190
3121
3101
121
9132
2231
1219
911
9311
1291
2801
1212
118
2803
31
110
2281
2318
2111
812
2130
1013
2218
2911
1023
1819
2111
1821
9310
283
3981
2321
3108
2211
3212
1230
1110
233
1381
1839
1892
1121
8901
9211
9301
3892
83
1109
123
931
1921
1110
2013
9238
22
8219
8901
1112
2211
921
1221
2181
3180
1089
8931
9112
2011
312
811
1310
1182
208
1208
111
2013
9028
9032
1811
1298
3218
2311
1918
2911
82
1038
2801
3191
312
1381
1138
2112
9022
1221
3221
1291
1192
1281
8223
1210
1813
81
311
1022
2218
3109
1213
8223
1832
912
1902
921
2981
9181
92
91
8121
8129
1201
2902
2181
28
9101
1121
812
12
312
2328
8103
1291
112
2118
2191
1038
1811
8930
1121
288
1322
1911
381
2891
1108
1112
2380
1211
239
2309
132
1122
9210
2123
8111
2121
8110
2181
8111
3112
3292
2110
111
2810
1219
2821
8192
1392
1119
201
19
382
1130
8219
1921
329
1289
9211
9101
223
1112
2092
110
821
2112
8901
119
1819
1113
1812
110
1212
1012
2121
1132
8113
9011
1892
1083
8301
821
1218
912
9820
8190
2209
91
822
9311
1013
8312
1103
8021
1202
8131
9118
2093
2912
1282
1131
2810
1122
9123
2112
1192
138
8109
1218
9112
8123
1122
1920
912
8032
2911
128
319
1921
1321
1911
2111
281
2213
181
2111
3181
2121
2193
1380
2191
1211
1813
311
1312
129
1311
9110
122
231
3218
2111
2211
3819
1891
908
2819
1212
2029
3101
1131
8101
3192
2923
193
8121
1803
3201
1231
301
8019
1220
932
2021
933
1021
1218
1282
1980
1183
232
1111
918
1298
1011
9321
1121
2911
2111
9211
1821
2931
1130
3018
1893
9118
9181
192
192
1221
3182
3281
1102
9118
3802
9110
2283
2101
3111
1120
813
2113
3911
813
1232
1932
3211
1183
1181
1029
101
129
8119
1821
1203
1121
2910
2811
18
3912
981
9811
1223
2083
1211
2193
231
2123
1210
9101
9811
8131
111
1101
2211
1110
1211
10
1121
2119
2892
9113
2138
1122
12
113
1108
1918
1981
2083
1291
913
1018
1121
211
9128
8211
1932
1082
1129
2119
121
2291
1028
1031
8211
3109
2011
8193
2112
218
1920
138
9811
1813
1021
1111
9181
2119
1890
1813
1328
9181
8039
8011
1983
8112
8093
8191
1110
211
3108
191
8211
191
911
9228
8232
2112
2921
921
1810
110
1201
1210
1021
2911
8011
9113
9310
2081
8032
9110
312
129
3811
2890
113
1821
1321
1139
102
3811
2312
921
2111
839
823
1311
811
193
131
1211
2311
9111
9381
1189
1922
2931
9118
1022
8111
8922
3189
3028
1293
9312
1381
2113
381
1118
8191
1120
2319
1011
191
2921
811
1028
2918
8221
1113
182
3112
9381
1110
3192
8121
1381
2189
1910
9012
132
3021
1082
1321
111
1123
3298
1018
9831
281
2183
319
1928
1918
8091
19
1182
1811
1211
2928
1223
121
9102
8013
2118
2132
1019
2139
3121
1211
291
2321
1130
1231
3190
819
2121
8211
901
211
19
3228
130
309
8392
2891
119
8112
21
9328
9181
911
1329
2311
2182
210
1301
8132
2118
1219
981
8321
831
3098
9232
1121
3119
281
1102
1190
1121
2011
2111
2111
8122
3112
1228
2118
2128
9213
1130
2239
921
128
2382
980
3218
118
1120
2191
2018
9213
189
2118
3211
129
9118
218
2113
1193
1112
123
319
8202
3209
1810
1028
2101
2031
120
1203
1923
311
2011
1211
1821
1112
1011
8129
1012
2123
2110
2820
1810
208
111
1981
302
3121
1191
9281
1113
1231
3129
2211
1121
8119
321
1982
8029
2110
119
912
3211
811
2120
1811
2201
1321
118
2283
892
1201
82
111
1183
2113
8211
811
1318
1211
1102
8191
2839
3102
10
3891
9021
8319
2821
218
9321
9318
219
1121
3111
3211
8229
912
128
12
9832
212
2281
190
301
3291
3018
1019
1901
1398
9201
2901
1283
2103
1283
1139
1038
1102
2190
9111
1118
1318
3819
1120
8120
8213
2183
1812
3209
121
101
1321
1082
1112
8231
2311
1132
1111
921
1921
2011
2103
182
2211
9228
1089
8112
2923
3011
2911
1119
1019
2931
8301
2018
3821
2192
2301
891
1113
813
112
1912
2102
921
2118
1132
1183
2039
2910
8112
1211
8211
1121
111
2183
119
1118
113
1931
311
2310
2983
2131
2382
2139
2903
9832
829
9218
3018
1031
1921
1113
1112
8021
1281
281
1018
3111
811
32
1308
3192
231
1191
2131
1211
1923
219
1801
11
1202
9810
2283
2310
1809
1802
2031
1019
920
3119
2211
8112
211
2012
1310
1102
1922
1811
9212
9212
1931
3221
1112
1210
9221
1380
3111
3901
112
9103
3921
8039
9011
1021
1103
2311
9112
3911
3218
129
128
1012
123
8213
201
3112
3212
1301
3982
182
3012
3801
3028
211
1922
1910
1128
2121
119
1081
2013
311
1921
3011
3908
3119
1912
82
1831
213
21
3921
2181
1081
3211
9110
1902
2021
9180
1123
1021
2311
2011
2181
1182
112
111
9211
3111
1892
1110
8291
1121
1823
1112
182
1028
3118
1110
9123
3210
3119
2911
192
201
9132
3121
2980
1119
1118
1122
219
2201
83
9112
211
3201
9211
112
2218
8201
1122
2811
912
212
3121
2903
2208
1191
3120
123
211
9312
183
8121
2113
8911
3291
1982
131
1120
9213
312
1911
3829
3220
1212
2219
911
112
2111
1210
2392
1122
8111
912
8310
8310
1130
8391
8111
8111
181
3012
9822
2311
8012
8201
219
1382
3180
1801
8911
8239
1113
3291
9328
9821
8311
121
311
81
8022
2109
2819
9821
1312
1118
1390
3121
2112
2039
2821
8012
1291
1319
2812
1283
9381
132
8209
1280
9312
1829
1101
2190
8213
2191
1290
312
2301
1820
129
1211
1113
9021
1083
112
9212
9112
1810
9211
1039
8011
311
1102
1018
1329
2181
1911
111
1231
9801
3211
1213
2111
1201
321
8190
213
1911
1219
1110
1038
2189
9113
281
88
8291
2890
2029
2012
1028
8911
9181
2012
2389
3120
9118
3119
213
1309
1812
9310
93
218
9011
3181
1392
3921
913
318
1118
1190
1180
1381
11
1211
1012
231
9108
3219
1081
2191
183
8211
121
3829
181
1913
1803
111
9021
2191
2311
3181
8193
1811
290
1110
2011
8022
9211
8211
9811
8110
3211
1821
311
211
2913
2183
311
180
3211
3112
2011
3112
1202
931
3111
2811
81
2318
2191
9112
8211
8101
9311
293
1311
192
2120
112
1210
2830
1203
8
181
1210
8911
8101
391
8911
8923
1829
2912
1298
2912
1822
3212
2113
923
102
3111
8122
129
211
8019
2981
1128
2121
221
1112
119
9213
8212
1821
9111
191
3901
9103
3028
1902
1231
1121
1910
1308
121
301
938
1182
191
2101
92
1201
8911
180
1312
319
1081
1111
2831
9132
1912
8110
2110
8112
19
811
2181
8113
1113
911
2083
918
8111
2181
8901
8121
911
8102
2918
8132
111
230
1101
2320
120
3812
128
111
2110
9138
22
1801
891
8190
8211
1228
113
1289
102
111
9012
2111
2182
319
9321
2029
2121
2018
1910
1213
1280
1101
118
311
311
2319
2181
22
1121
922
133
3192
8129
1813
8212
1810
3012
2801
9113
1281
131
1810
91
1238
381
2031
8111
1189
2813
391
1218
3829
1023
1813
111
211
2198
1891
2131
2983
1290
8191
2239
190
9011
1092
1202
2918
392
9182
132
8111
9101
3122
211
3102
1281
9301
8912
1039
191
11
9312
3091
8112
1218
212
8219
1932
23
2191
13
1212
2839
1819
1821
2111
3981
2011
210
2113
1202
813
2189
8193
1911
132
1801
122
8219
9211
111
119
121
928
3911
1123
9182
2111
1318
918
211
1102
1119
1219
1311
8122
219
9312
822
1311
9112
118
122
1283
1281
8291
2011
18
211
3290
112
9210
3111
123
1312
311
9821
891
1312
1129
2110
9830
910
813
3221
212
1102
2138
1191
191
129
8122
121
1381
1132
101
8111
381
2801
8229
2901
2193
9232
2118
2021
9123
129
3802
2191
9802
82
1213
9211
911
112
813
108
1012
3101
8211
932
1112
1122
2021
2031
9012
1298
112
9102
3182
2189
2111
9231
3192
113
2011
2893
191
288
1219
2181
2102
8229
1198
3891
9081
829
3829
2129
2810
822
2021
1310
1229
1831
2390
110
892
3109
9301
211
2181
1211
3191
1031
2119
2111
8103
2181
1219
9111
1201
1129
2119
9831
1839
3121
1823
1910
1232
3121
138
3280
1221
829
1901
3282
9281
2118
311
328
9121
1982
8292
2131
13
112
1831
1228
1931
1822
1
108
1912
921
3911
1931
382
2113
1283
9123
1211
291
128
182
1912
3219
1203
1123
1812
381
291
128
8111
309
9301
3221
11
1911
913
1198
121
1131
139
3201
210
9121
2118
1281
1298
1121
1013
2131
1131
3112
1198
1192
9218
1212
239
119
1801
8321
1221
1012
1181
2821
2821
3290
19
3018
2181
2111
8213
2109
8291
2112
1128
1913
8913
1011
2111
111
3121
288
291
281
12
2103
3101
9101
8110
2310
133
8191
1122
131
1213
128
3181
1902
2093
211
129
2012
2129
1231
2119
1032
1012
8319
199
8102
121
8111
1281
1113
3298
8231
113
1311
2111
1210
8301
912
1309
9318
2813
2091
2123
1912
321
2111
2910
1118
2911
9212
3211
1980
3902
8321
3289
22
1212
2083
292
1801
3911
8201
111
3108
3292
3021
233
321
3911
1091
9112
3221
1892
1913
2811
9120
1202
932
223
9111
2121
2121
119
132
9820
1382
2280
1983
120
229
1118
911
89
1118
2283
1012
1280
2108
1183
111
9118
1392
2982
9128
1891
129
113
2119
91
9012
1229
9182
2381
321
1101
3198
2810
2138
1813
9381
1298
1311
2389
1321
1128
3109
390
1130
2211
9821
1120
1392
3202
981
1201
2120
3890
812
1181
9128
2210
1111
1811
8311
8123
2211
1209
1911
8311
2809
2191
2319
9220
1108
8191
9231
311
223
8112
1821
1132
3191
118
912
231
3112
1923
8211
1218
1328
1102
109
19
9180
1139
2901
9131
2111
8293
9122
12
189
3101
2891
9221
8132
1121
3112
3182
1911
2180
1839
1921
3120
1938
3181
9123
3121
2191
291
3081
911
2101
2118
3121
2102
1211
8191
311
9011
2908
1903
3219
9321
392
1102
9121
8291
1201
2813
1191
1920
9113
1310
9112
1111
8221
182
911
911
8309
3110
3182
8102
3091
3218
1912
8111
111
2121
8101
8101
9211
2113
3821
9212
221
101
8139
201
1390
9311
9131
221
2311
8321
121
8110
1301
319
8011
3098
3221
9312
2109
2829
1232
1213
1901
3128
1031
811
918
1321
1138
1180
1920
9022
122
191
1023
8011
311
2281
329
1101
1191
2211
2083
8310
2318
2109
2112
1913
1292
8193
2311
1212
1191
1921
2311
1093
1121
18
911
1220
8920
918
3920
832
