811
3101
20
210
8290
2013
3129
130
1121
1091
1013
2191
1180
3921
2211
93
1380
9113
2129
9231
1219
8911
2031
1083
239
3218
1131
1931
122
1293
183
2831
9201
193
2311
1123
1021
822
9281
3918
1192
1218
1812
2118
121
1011
1012
8102
2389
3281
1103
2011
119
1129
311
1918
211
8121
1128
1202
119
1121
2119
2110
311
3129
1112
8031
2190
391
1913
2119
1211
191
1121
3902
2013
2219
3129
3190
1101
221
3011
2911
231
9111
399
2111
3820
8112
3129
391
1312
3912
9211
2213
1230
810
3029
2113
